4119
4133
4137
4142
4148
4155
4164
4190
4306
4414
4426
4438
4439
4440
4441
4526
4532
4536
4540
4545
4551
4552
4555
4557
4560
4562
4564
4566
4569
4571
4572
4576
4581
4583
4585
4588
4720
4722
4736
4737
4739
4746
4755
4763
4764
4766
4770
4771
4807
4904
4906
4912
4915
4916
4919
4927
4930
4934
4935
4938
4942
4943
4949
4952
4956
4958
4960
4961
4967
4968
4976
4977
4989
4994
4999
5007
5203
5215
5222
5225
5234
5243
5244
5269
5283
5284
5285
5288
5292
5306
5388
5434
5469
5471
5484
5515
5519
5521
5522
5525
5531
5533
5534
5538
5258
5546
5607
5608
5706
5871
5876
5880
5906
5907
6005
6024
6108
6115
6116
6117
6120
6128
6133
6139
6141
6142
6152
6153
6155
6164
6165
6166
6168
6176
6177
6183
6184
6189
6191
6192
6196
6197
6201
6202
6205
6206
6209
6213
6214
6215
6216
6224
6225
6226
6230
6235
6239
6243
6257
6269
6271
6277
6278
6281
6282
6283
6285
6405
6409
6412
6414
6415
6416
6426
6431
6438
6442
6443
6446
6449
6451
6456
6464
6472
6477
6491
6504
6505
6515
6525
6526
6531
6533
6541
6550
6552
6558
6573
6579
6581
6582
6585
6589
6591
6592
6598
6605
6606
6614
6625
6641
6655
6657
6658
6666
6668
6669
6670
6671
6672
6674
6689
6691
6695
6698
6715
6719
6742
6743
6753
6754
6756
6757
6768
6770
6776
6781
6782
6789
6790
6792
6794
6796
6799
6805
6806
6807
6830
6831
6834
6835
6838
6854
6861
6862
6863
6869
6873
6885
6890
6901
6902
6906
6909
6914
6916
6918
6919
6923
6924
6928
6931
6933
6936
6937
6944
6952
6957
6958
6962
6965
6994
7705
7711
7721
7722
7732
7736
7749
7750
7765
7769
7780
7786
7788
7791
7799
8011
8016
8021
8028
8033
8039
8045
8046
8070
8072
8081
8101
8103
8104
8105
8110
8112
8114
8131
8150
8163
8201
8210
8213
8215
8222
8249
8261
8271
8341
8367
8374
8404
8411
8422
8429
8438
8442
8443
